trip_id,arrival_time,departure_time,stop_id,stop_sequence,stop_headsign,pickup_type,drop_off_type,timepoint
923374,00:00:00,00:00:00,175017,1,,,,1
923374,,,177708,2,,,,0
923374,,,175103,3,,,,0
923374,,,155090,4,,,,0
923374,,,155137,5,,,,0
923374,,,155094,6,,,,0
923374,,,155088,7,,,,0
923374,,,155116,8,,,,0
923374,,,155117,9,,,,0
923374,,,198803,10,,,,0
923374,,,155104,11,,,,0
923374,,,155100,12,,,,0
923374,,,155153,13,,,,0
923374,,,155164,14,,,,0
923374,,,155102,15,,,,0
923374,,,177709,16,,,,0
923374,,,155106,17,,,,0
923374,,,155112,18,,,,0
923374,,,155115,19,,,,0
923374,,,155118,20,,,,0
923374,,,155132,21,,,,0
923374,,,155133,22,,,,0
923374,,,155136,23,,,,0
923374,00:50:00,00:50:00,175017,24,,,,1
923375,00:00:00,00:00:00,175017,1,,,,1
923375,,,177708,2,,,,0
923375,,,175103,3,,,,0
923375,,,155090,4,,,,0
923375,,,155137,5,,,,0
923375,,,155094,6,,,,0
923375,,,155088,7,,,,0
923375,,,155116,8,,,,0
923375,,,155117,9,,,,0
923375,,,198803,10,,,,0
923375,,,155107,11,,,,0
923375,,,155103,12,,,,0
923375,,,198535,13,,,,0
923375,,,155086,14,,,,0
923375,,,155085,15,,,,0
923375,,,155099,16,,,,0
923375,,,155153,17,,,,0
923375,,,155164,18,,,,0
923375,,,155102,19,,,,0
923375,,,177709,20,,,,0
923375,,,155106,21,,,,0
923375,,,155112,22,,,,0
923375,,,155115,23,,,,0
923375,,,155118,24,,,,0
923375,,,155132,25,,,,0
923375,,,155133,26,,,,0
923375,,,155136,27,,,,0
923375,00:50:00,00:50:00,175017,28,,,,1
927804,00:00:00,00:00:00,175017,1,,,,1
927804,,,177708,2,,,,0
927804,,,175103,3,,,,0
927804,,,155090,4,,,,0
927804,,,155137,5,,,,0
927804,,,155094,6,,,,0
927804,,,155088,7,,,,0
927804,,,155116,8,,,,0
927804,,,155117,9,,,,0
927804,,,198803,10,,,,0
927804,,,155107,11,,,,0
927804,,,155103,12,,,,0
927804,,,198535,13,,,,0
927804,,,155086,14,,,,0
927804,,,155085,15,,,,0
927804,,,155099,16,,,,0
927804,,,155153,17,,,,0
927804,,,155164,18,,,,0
927804,,,155102,19,,,,0
927804,,,177709,20,,,,0
927804,,,155106,21,,,,0
927804,,,155112,22,,,,0
927804,,,155115,23,,,,0
927804,,,155118,24,,,,0
927804,,,155132,25,,,,0
927804,,,155133,26,,,,0
927804,,,155136,27,,,,0
927804,00:50:00,00:50:00,175017,28,,,,1
611290,00:00:00,00:00:00,155093,1,,,,1
611290,,,155135,2,,,,0
611290,,,155094,3,,,,0
611290,,,155113,4,,,,0
611290,,,155111,5,,,,0
611290,,,155108,6,,,,0
611290,,,155104,7,,,,0
611290,,,155100,8,,,,0
611290,,,155097,9,,,,0
611290,,,155086,10,,,,0
611290,,,155085,11,,,,0
611290,,,155099,12,,,,0
611290,,,155101,13,,,,0
611290,,,155105,14,,,,0
611290,,,155109,15,,,,0
611290,,,155110,16,,,,0
611290,,,155114,17,,,,0
611290,,,155132,18,,,,0
611290,,,155133,19,,,,0
611290,00:40:00,00:40:00,155093,20,,,,1
740685,00:00:00,00:00:00,155162,1,,,,1
740685,,,176269,2,,,,0
740685,,,155099,3,,,,0
740685,,,155163,4,,,,0
740685,00:15:00,00:15:00,155162,5,,,,1
923007,00:00:00,00:00:00,155156,1,,,,1
923007,,,155158,2,,,,0
923007,,,155093,3,,,,0
923007,,,155135,4,,,,0
923007,,,155113,5,,,,0
923007,,,155099,6,,,,0
923007,,,155089,7,,,,0
923007,,,155157,8,,,,0
923007,,,155114,9,,,,0
923007,00:35:00,00:35:00,155156,10,,,,1
923124,00:00:00,00:00:00,155156,1,,,,1
923124,,,155158,2,,,,0
923124,,,155113,3,,,,0
923124,,,155099,4,,,,0
923124,,,155089,5,,,,0
923124,,,155157,6,,,,0
923124,,,155114,7,,,,0
923124,,,155093,8,,,,0
923124,,,155135,9,,,,0
923124,00:35:00,00:35:00,155156,10,,,,1
922721,00:00:00,00:00:00,155094,1,,,,1
922721,,,155113,2,,,,0
922721,,,155098,3,,,,0
922721,,,155085,4,,,,0
922721,,,155153,5,,,,0
922721,,,155151,6,,,,0
922721,,,177709,7,,,,0
922721,,,155106,8,,,,0
922721,,,155109,9,,,,0
922721,,,155110,10,,,,0
922721,,,155114,11,,,,0
922721,,,155132,12,,,,0
922721,,,155133,13,,,,0
922721,00:25:00,00:25:00,155094,14,,,,1
927300,00:00:00,00:00:00,155146,1,,,,1
927300,,,155155,2,,,,0
927300,,,198533,3,,,,0
927300,,,155096,4,,,,0
927300,,,197666,5,,,,0
927300,,,155153,6,,,,0
927300,,,198803,7,,,,0
927300,,,155104,8,,,,0
927300,,,155100,9,,,,0
927300,,,155097,10,,,,0
927300,,,155145,11,,,,0
927300,00:28:00,00:28:00,155146,12,,,,1
922722,00:00:00,00:00:00,155094,1,,,,1
922722,,,155113,2,,,,0
922722,,,155111,3,,,,0
922722,,,155108,4,,,,0
922722,,,155104,5,,,,0
922722,,,155100,6,,,,0
922722,,,155097,7,,,,0
922722,,,155086,8,,,,0
922722,,,155085,9,,,,0
922722,,,155099,10,,,,0
922722,,,155101,11,,,,0
922722,,,155105,12,,,,0
922722,,,155112,13,,,,0
922722,,,155115,14,,,,0
922722,,,155118,15,,,,0
922722,,,155132,16,,,,0
922722,,,155133,17,,,,0
922722,00:35:00,00:35:00,155094,18,,,,1
994145,00:00:00,00:00:00,155085,1,,,,1
994145,,,155099,2,,,,0
994145,,,155153,3,,,,0
994145,,,198532,4,,,,0
994145,,,198941,5,,,,0
994145,,,155126,6,,,,0
994145,,,207668,7,,,,0
994145,,,155128,8,,,,0
994145,,,155129,9,,,,0
994145,,,155106,10,,,,0
994145,,,155112,11,,,,0
994145,,,155131,12,,,,0
994145,,,155130,13,,,,0
994145,,,155092,14,,,,0
994145,,,155127,15,,,,0
994145,,,155125,16,,,,0
994145,,,155124,17,,,,0
994145,,,155122,18,,,,0
994145,,,198533,19,,,,0
994145,,,155096,20,,,,0
994145,,,155086,21,,,,0
994145,00:35:00,00:35:00,155085,22,,,,1
927301,00:00:00,00:00:00,155146,1,,,,1
927301,,,155155,2,,,,0
927301,,,198533,3,,,,0
927301,,,155096,4,,,,0
927301,,,155086,5,,,,0
927301,,,155085,6,,,,0
927301,,,155099,7,,,,0
927301,,,155101,8,,,,0
927301,,,155105,9,,,,0
927301,,,155112,10,,,,0
927301,,,155131,11,,,,0
927301,,,155130,12,,,,0
927301,,,155092,13,,,,0
927301,,,155127,14,,,,0
927301,,,155125,15,,,,0
927301,,,155124,16,,,,0
927301,,,155122,17,,,,0
927301,,,155145,18,,,,0
927301,00:45:00,00:45:00,155146,19,,,,1
927805,00:00:00,00:00:00,155146,1,,,,1
927805,,,155155,2,,,,0
927805,,,198533,3,,,,0
927805,,,155096,4,,,,0
927805,,,155086,5,,,,0
927805,,,155085,6,,,,0
927805,,,155099,7,,,,0
927805,,,155101,8,,,,0
927805,,,155105,9,,,,0
927805,,,155112,10,,,,0
927805,,,155131,11,,,,0
927805,,,155130,12,,,,0
927805,,,155092,13,,,,0
927805,,,155127,14,,,,0
927805,,,155125,15,,,,0
927805,,,155124,16,,,,0
927805,,,155122,17,,,,0
927805,,,155145,18,,,,0
927805,00:45:00,00:45:00,155146,19,,,,1
1005899,00:00:00,00:00:00,155146,1,,,,1
1005899,,,155155,2,,,,0
1005899,,,198533,3,,,,0
1005899,,,155096,4,,,,0
1005899,,,155086,5,,,,0
1005899,,,155085,6,,,,0
1005899,,,155099,7,,,,0
1005899,,,155101,8,,,,0
1005899,,,155105,9,,,,0
1005899,,,155112,10,,,,0
1005899,,,155131,11,,,,0
1005899,,,155130,12,,,,0
1005899,,,155092,13,,,,0
1005899,,,155127,14,,,,0
1005899,,,155125,15,,,,0
1005899,,,155124,16,,,,0
1005899,,,155122,17,,,,0
1005899,,,155145,18,,,,0
1005899,00:45:00,00:45:00,155146,19,,,,1
924633,00:00:00,00:00:00,155156,1,,,,1
924633,,,155158,2,,,,0
924633,,,198522,3,,,,0
924633,,,155120,4,,,,0
924633,,,198523,5,,,,0
924633,,,155117,6,,,,0
924633,,,198803,7,,,,0
924633,,,155104,8,,,,0
924633,,,155100,9,,,,0
924633,,,155089,10,,,,0
924633,,,155091,11,,,,0
924633,,,155085,12,,,,0
924633,,,155099,13,,,,0
924633,,,155101,14,,,,0
924633,,,155105,15,,,,0
924633,,,155112,16,,,,0
924633,,,155115,17,,,,0
924633,,,155119,18,,,,0
924633,,,155121,19,,,,0
924633,,,155137,20,,,,0
924633,00:50:00,00:50:00,155156,21,,,,1
1043770,06:57:00,06:57:00,155156,1,,,,1
1043770,06:58:00,06:58:00,155158,2,,,,0
1043770,07:01:00,07:01:00,198522,3,,,,1
1043770,07:03:00,07:03:00,155120,4,,,,0
1043770,07:04:00,07:04:00,198523,5,,,,0
1043770,07:05:00,07:05:00,155117,6,,,,0
1043770,07:06:00,07:06:00,198803,7,,,,1
1043770,07:07:00,07:07:00,155104,8,,,,0
1043770,07:08:00,07:08:00,155100,9,,,,0
1043770,07:10:00,07:10:00,155089,10,,,,1
1043770,07:12:00,07:15:00,155091,11,,,,1
1043770,07:20:00,07:20:00,155085,12,,,,1
1043770,07:23:00,07:23:00,155099,13,,,,0
1043770,07:24:00,07:24:00,155101,14,,,,0
1043770,07:26:00,07:26:00,155105,15,,,,0
1043770,07:27:00,07:27:00,155112,16,,,,1
1043770,07:28:00,07:28:00,155115,17,,,,0
1043770,07:29:00,07:29:00,155119,18,,,,0
1043770,07:30:00,07:30:00,155121,19,,,,0
1043770,07:32:00,07:32:00,155137,20,,,,0
1043770,07:36:00,07:36:00,155150,21,,,,1
1043770,07:37:00,07:37:00,155159,22,,,,0
1043770,07:41:00,07:41:00,155161,23,,,,1
1043770,07:42:00,07:42:00,177230,24,,,,0
1043770,07:45:00,07:45:00,155149,25,,,,0
1043770,07:49:00,07:49:00,155156,26,,,,1
1044025,07:56:00,07:56:00,155156,1,,,,1
1044025,07:57:00,07:57:00,155158,2,,,,0
1044025,08:00:00,08:00:00,198522,3,,,,1
1044025,08:02:00,08:02:00,155120,4,,,,0
1044025,08:03:00,08:03:00,198523,5,,,,0
1044025,08:04:00,08:04:00,155117,6,,,,0
1044025,08:05:00,08:05:00,198803,7,,,,1
1044025,08:06:00,08:06:00,155104,8,,,,0
1044025,08:07:00,08:07:00,155100,9,,,,0
1044025,08:09:00,08:09:00,155089,10,,,,1
1044025,08:11:00,08:15:00,155091,11,,,,1
1044025,08:20:00,08:20:00,155085,12,,,,1
1044025,08:23:00,08:23:00,155099,13,,,,0
1044025,08:24:00,08:24:00,155101,14,,,,0
1044025,08:26:00,08:26:00,155105,15,,,,0
1044025,08:27:00,08:27:00,155112,16,,,,1
1044025,08:29:00,08:29:00,155115,17,,,,0
1044025,08:30:00,08:30:00,155119,18,,,,0
1044025,08:31:00,08:31:00,155121,19,,,,0
1044025,08:33:00,08:33:00,155137,20,,,,0
1044025,08:39:00,08:39:00,155150,21,,,,1
1044025,08:41:00,08:41:00,155159,22,,,,0
1044025,08:46:00,08:46:00,155161,23,,,,1
1044025,08:47:00,08:47:00,177230,24,,,,0
1044025,08:51:00,08:51:00,155149,25,,,,0
1044025,08:56:00,08:56:00,155156,26,,,,1
1044026,08:56:00,08:56:00,155156,1,,,,1
1044026,08:57:00,08:57:00,155158,2,,,,0
1044026,09:00:00,09:00:00,198522,3,,,,1
1044026,09:02:00,09:02:00,155120,4,,,,0
1044026,09:03:00,09:03:00,198523,5,,,,0
1044026,09:04:00,09:04:00,155117,6,,,,0
1044026,09:05:00,09:05:00,198803,7,,,,1
1044026,09:06:00,09:06:00,155104,8,,,,0
1044026,09:07:00,09:07:00,155100,9,,,,0
1044026,09:09:00,09:09:00,155089,10,,,,1
1044026,09:11:00,09:15:00,155091,11,,,,1
1044026,09:20:00,09:20:00,155085,12,,,,1
1044026,09:23:00,09:23:00,155099,13,,,,0
1044026,09:24:00,09:24:00,155101,14,,,,0
1044026,09:26:00,09:26:00,155105,15,,,,0
1044026,09:27:00,09:27:00,155112,16,,,,1
1044026,09:29:00,09:29:00,155115,17,,,,0
1044026,09:30:00,09:30:00,155119,18,,,,0
1044026,09:31:00,09:31:00,155121,19,,,,0
1044026,09:33:00,09:33:00,155137,20,,,,0
1044026,09:39:00,09:39:00,155150,21,,,,1
1044026,09:41:00,09:41:00,155159,22,,,,0
1044026,09:46:00,09:46:00,155161,23,,,,1
1044026,09:47:00,09:47:00,177230,24,,,,0
1044026,09:51:00,09:51:00,155149,25,,,,0
1044026,09:56:00,09:56:00,155156,26,,,,1
1044027,09:56:00,09:56:00,155156,1,,,,1
1044027,09:57:00,09:57:00,155158,2,,,,0
1044027,10:00:00,10:00:00,198522,3,,,,1
1044027,10:02:00,10:02:00,155120,4,,,,0
1044027,10:03:00,10:03:00,198523,5,,,,0
1044027,10:04:00,10:04:00,155117,6,,,,0
1044027,10:05:00,10:05:00,198803,7,,,,1
1044027,10:06:00,10:06:00,155104,8,,,,0
1044027,10:07:00,10:07:00,155100,9,,,,0
1044027,10:09:00,10:09:00,155089,10,,,,1
1044027,10:11:00,10:15:00,155091,11,,,,1
1044027,10:20:00,10:20:00,155085,12,,,,1
1044027,10:23:00,10:23:00,155099,13,,,,0
1044027,10:24:00,10:24:00,155101,14,,,,0
1044027,10:26:00,10:26:00,155105,15,,,,0
1044027,10:27:00,10:27:00,155112,16,,,,1
1044027,10:29:00,10:29:00,155115,17,,,,0
1044027,10:30:00,10:30:00,155119,18,,,,0
1044027,10:31:00,10:31:00,155121,19,,,,0
1044027,10:33:00,10:33:00,155137,20,,,,0
1044027,10:39:00,10:39:00,155150,21,,,,1
1044027,10:41:00,10:41:00,155159,22,,,,0
1044027,10:46:00,10:46:00,155161,23,,,,1
1044027,10:47:00,10:47:00,177230,24,,,,0
1044027,10:51:00,10:51:00,155149,25,,,,0
1044027,10:56:00,10:56:00,155156,26,,,,1
1044028,10:56:00,10:56:00,155156,1,,,,1
1044028,10:57:00,10:57:00,155158,2,,,,0
1044028,11:00:00,11:00:00,198522,3,,,,1
1044028,11:02:00,11:02:00,155120,4,,,,0
1044028,11:03:00,11:03:00,198523,5,,,,0
1044028,11:04:00,11:04:00,155117,6,,,,0
1044028,11:05:00,11:05:00,198803,7,,,,1
1044028,11:06:00,11:06:00,155104,8,,,,0
1044028,11:07:00,11:07:00,155100,9,,,,0
1044028,11:09:00,11:09:00,155089,10,,,,1
1044028,11:11:00,11:15:00,155091,11,,,,1
1044028,11:20:00,11:20:00,155085,12,,,,1
1044028,11:23:00,11:23:00,155099,13,,,,0
1044028,11:24:00,11:24:00,155101,14,,,,0
1044028,11:26:00,11:26:00,155105,15,,,,0
1044028,11:27:00,11:27:00,155112,16,,,,1
1044028,11:29:00,11:29:00,155115,17,,,,0
1044028,11:30:00,11:30:00,155119,18,,,,0
1044028,11:31:00,11:31:00,155121,19,,,,0
1044028,11:33:00,11:33:00,155137,20,,,,0
1044028,11:39:00,11:39:00,155150,21,,,,1
1044028,11:41:00,11:41:00,155159,22,,,,0
1044028,11:46:00,11:46:00,155161,23,,,,1
1044028,11:47:00,11:47:00,177230,24,,,,0
1044028,11:51:00,11:51:00,155149,25,,,,0
1044028,11:56:00,11:56:00,155156,26,,,,1
1044029,11:56:00,11:56:00,155156,1,,,,1
1044029,11:57:00,11:57:00,155158,2,,,,0
1044029,12:00:00,12:00:00,198522,3,,,,1
1044029,12:02:00,12:02:00,155120,4,,,,0
1044029,12:03:00,12:03:00,198523,5,,,,0
1044029,12:04:00,12:04:00,155117,6,,,,0
1044029,12:05:00,12:05:00,198803,7,,,,1
1044029,12:06:00,12:06:00,155104,8,,,,0
1044029,12:07:00,12:07:00,155100,9,,,,0
1044029,12:09:00,12:09:00,155089,10,,,,1
1044029,12:11:00,12:15:00,155091,11,,,,1
1044029,12:20:00,12:20:00,155085,12,,,,1
1044029,12:23:00,12:23:00,155099,13,,,,0
1044029,12:24:00,12:24:00,155101,14,,,,0
1044029,12:26:00,12:26:00,155105,15,,,,0
1044029,12:27:00,12:27:00,155112,16,,,,1
1044029,12:29:00,12:29:00,155115,17,,,,0
1044029,12:30:00,12:30:00,155119,18,,,,0
1044029,12:31:00,12:31:00,155121,19,,,,0
1044029,12:33:00,12:33:00,155137,20,,,,0
1044029,12:39:00,12:39:00,155150,21,,,,1
1044029,12:41:00,12:41:00,155159,22,,,,0
1044029,12:46:00,12:46:00,155161,23,,,,1
1044029,12:47:00,12:47:00,177230,24,,,,0
1044029,12:51:00,12:51:00,155149,25,,,,0
1044029,12:56:00,12:56:00,155156,26,,,,1
1044030,12:56:00,12:56:00,155156,1,,,,1
1044030,12:57:00,12:57:00,155158,2,,,,0
1044030,13:00:00,13:00:00,198522,3,,,,1
1044030,13:02:00,13:02:00,155120,4,,,,0
1044030,13:03:00,13:03:00,198523,5,,,,0
1044030,13:04:00,13:04:00,155117,6,,,,0
1044030,13:05:00,13:05:00,198803,7,,,,1
1044030,13:06:00,13:06:00,155104,8,,,,0
1044030,13:07:00,13:07:00,155100,9,,,,0
1044030,13:09:00,13:09:00,155089,10,,,,1
1044030,13:11:00,13:15:00,155091,11,,,,1
1044030,13:20:00,13:20:00,155085,12,,,,1
1044030,13:23:00,13:23:00,155099,13,,,,0
1044030,13:24:00,13:24:00,155101,14,,,,0
1044030,13:26:00,13:26:00,155105,15,,,,0
1044030,13:27:00,13:27:00,155112,16,,,,1
1044030,13:29:00,13:29:00,155115,17,,,,0
1044030,13:30:00,13:30:00,155119,18,,,,0
1044030,13:31:00,13:31:00,155121,19,,,,0
1044030,13:33:00,13:33:00,155137,20,,,,0
1044030,13:39:00,13:39:00,155150,21,,,,1
1044030,13:41:00,13:41:00,155159,22,,,,0
1044030,13:46:00,13:46:00,155161,23,,,,1
1044030,13:47:00,13:47:00,177230,24,,,,0
1044030,13:51:00,13:51:00,155149,25,,,,0
1044030,13:56:00,13:56:00,155156,26,,,,1
1044031,13:56:00,13:56:00,155156,1,,,,1
1044031,13:57:00,13:57:00,155158,2,,,,0
1044031,14:00:00,14:00:00,198522,3,,,,1
1044031,14:02:00,14:02:00,155120,4,,,,0
1044031,14:03:00,14:03:00,198523,5,,,,0
1044031,14:04:00,14:04:00,155117,6,,,,0
1044031,14:05:00,14:05:00,198803,7,,,,1
1044031,14:06:00,14:06:00,155104,8,,,,0
1044031,14:07:00,14:07:00,155100,9,,,,0
1044031,14:09:00,14:09:00,155089,10,,,,1
1044031,14:11:00,14:15:00,155091,11,,,,1
1044031,14:20:00,14:20:00,155085,12,,,,1
1044031,14:23:00,14:23:00,155099,13,,,,0
1044031,14:24:00,14:24:00,155101,14,,,,0
1044031,14:26:00,14:26:00,155105,15,,,,0
1044031,14:27:00,14:27:00,155112,16,,,,1
1044031,14:29:00,14:29:00,155115,17,,,,0
1044031,14:30:00,14:30:00,155119,18,,,,0
1044031,14:31:00,14:31:00,155121,19,,,,0
1044031,14:33:00,14:33:00,155137,20,,,,0
1044031,14:39:00,14:39:00,155150,21,,,,1
1044031,14:41:00,14:41:00,155159,22,,,,0
1044031,14:46:00,14:46:00,155161,23,,,,1
1044031,14:47:00,14:47:00,177230,24,,,,0
1044031,14:51:00,14:51:00,155149,25,,,,0
1044031,14:56:00,14:56:00,155156,26,,,,1
1044032,14:56:00,14:56:00,155156,1,,,,1
1044032,14:57:00,14:57:00,155158,2,,,,0
1044032,15:00:00,15:00:00,198522,3,,,,1
1044032,15:02:00,15:02:00,155120,4,,,,0
1044032,15:03:00,15:03:00,198523,5,,,,0
1044032,15:04:00,15:04:00,155117,6,,,,0
1044032,15:05:00,15:05:00,198803,7,,,,1
1044032,15:06:00,15:06:00,155104,8,,,,0
1044032,15:07:00,15:07:00,155100,9,,,,0
1044032,15:09:00,15:09:00,155089,10,,,,1
1044032,15:11:00,15:15:00,155091,11,,,,1
1044032,15:20:00,15:20:00,155085,12,,,,1
1044032,15:23:00,15:23:00,155099,13,,,,0
1044032,15:24:00,15:24:00,155101,14,,,,0
1044032,15:26:00,15:26:00,155105,15,,,,0
1044032,15:27:00,15:27:00,155112,16,,,,1
1044032,15:29:00,15:29:00,155115,17,,,,0
1044032,15:30:00,15:30:00,155119,18,,,,0
1044032,15:31:00,15:31:00,155121,19,,,,0
1044032,15:33:00,15:33:00,155137,20,,,,0
1044032,15:39:00,15:39:00,155150,21,,,,1
1044032,15:41:00,15:41:00,155159,22,,,,0
1044032,15:46:00,15:46:00,155161,23,,,,1
1044032,15:47:00,15:47:00,177230,24,,,,0
1044032,15:51:00,15:51:00,155149,25,,,,0
1044032,15:56:00,15:56:00,155156,26,,,,1
1044033,15:56:00,15:56:00,155156,1,,,,1
1044033,15:57:00,15:57:00,155158,2,,,,0
1044033,16:00:00,16:00:00,198522,3,,,,1
1044033,16:02:00,16:02:00,155120,4,,,,0
1044033,16:03:00,16:03:00,198523,5,,,,0
1044033,16:04:00,16:04:00,155117,6,,,,0
1044033,16:05:00,16:05:00,198803,7,,,,1
1044033,16:06:00,16:06:00,155104,8,,,,0
1044033,16:07:00,16:07:00,155100,9,,,,0
1044033,16:09:00,16:09:00,155089,10,,,,1
1044033,16:11:00,16:15:00,155091,11,,,,1
1044033,16:20:00,16:20:00,155085,12,,,,1
1044033,16:23:00,16:23:00,155099,13,,,,0
1044033,16:24:00,16:24:00,155101,14,,,,0
1044033,16:26:00,16:26:00,155105,15,,,,0
1044033,16:27:00,16:27:00,155112,16,,,,1
1044033,16:29:00,16:29:00,155115,17,,,,0
1044033,16:30:00,16:30:00,155119,18,,,,0
1044033,16:31:00,16:31:00,155121,19,,,,0
1044033,16:33:00,16:33:00,155137,20,,,,0
1044033,16:39:00,16:39:00,155150,21,,,,1
1044033,16:41:00,16:41:00,155159,22,,,,0
1044033,16:46:00,16:46:00,155161,23,,,,1
1044033,16:47:00,16:47:00,177230,24,,,,0
1044033,16:51:00,16:51:00,155149,25,,,,0
1044033,16:56:00,16:56:00,155156,26,,,,1
1044034,16:56:00,16:56:00,155156,1,,,,1
1044034,16:57:00,16:57:00,155158,2,,,,0
1044034,17:00:00,17:00:00,198522,3,,,,1
1044034,17:02:00,17:02:00,155120,4,,,,0
1044034,17:03:00,17:03:00,198523,5,,,,0
1044034,17:04:00,17:04:00,155117,6,,,,0
1044034,17:05:00,17:05:00,198803,7,,,,1
1044034,17:06:00,17:06:00,155104,8,,,,0
1044034,17:07:00,17:07:00,155100,9,,,,0
1044034,17:09:00,17:09:00,155089,10,,,,1
1044034,17:11:00,17:15:00,155091,11,,,,1
1044034,17:20:00,17:20:00,155085,12,,,,1
1044034,17:23:00,17:23:00,155099,13,,,,0
1044034,17:24:00,17:24:00,155101,14,,,,0
1044034,17:26:00,17:26:00,155105,15,,,,0
1044034,17:27:00,17:27:00,155112,16,,,,1
1044034,17:29:00,17:29:00,155115,17,,,,0
1044034,17:30:00,17:30:00,155119,18,,,,0
1044034,17:31:00,17:31:00,155121,19,,,,0
1044034,17:33:00,17:33:00,155137,20,,,,0
1044034,17:39:00,17:39:00,155150,21,,,,1
1044034,17:41:00,17:41:00,155159,22,,,,0
1044034,17:46:00,17:46:00,155161,23,,,,1
1044034,17:47:00,17:47:00,177230,24,,,,0
1044034,17:51:00,17:51:00,155149,25,,,,0
1044034,17:56:00,17:56:00,155156,26,,,,1
1044035,17:56:00,17:56:00,155156,1,,,,1
1044035,17:57:00,17:57:00,155158,2,,,,0
1044035,18:00:00,18:00:00,198522,3,,,,1
1044035,18:02:00,18:02:00,155120,4,,,,0
1044035,18:03:00,18:03:00,198523,5,,,,0
1044035,18:04:00,18:04:00,155117,6,,,,0
1044035,18:05:00,18:05:00,198803,7,,,,1
1044035,18:06:00,18:06:00,155104,8,,,,0
1044035,18:07:00,18:07:00,155100,9,,,,0
1044035,18:09:00,18:09:00,155089,10,,,,1
1044035,18:11:00,18:15:00,155091,11,,,,1
1044035,18:20:00,18:20:00,155085,12,,,,1
1044035,18:23:00,18:23:00,155099,13,,,,0
1044035,18:24:00,18:24:00,155101,14,,,,0
1044035,18:26:00,18:26:00,155105,15,,,,0
1044035,18:27:00,18:27:00,155112,16,,,,1
1044035,18:29:00,18:29:00,155115,17,,,,0
1044035,18:30:00,18:30:00,155119,18,,,,0
1044035,18:31:00,18:31:00,155121,19,,,,0
1044035,18:33:00,18:33:00,155137,20,,,,0
1044035,18:39:00,18:39:00,155150,21,,,,1
1044035,18:41:00,18:41:00,155159,22,,,,0
1044035,18:46:00,18:46:00,155161,23,,,,1
1044035,18:47:00,18:47:00,177230,24,,,,0
1044035,18:51:00,18:51:00,155149,25,,,,0
1044035,18:56:00,18:56:00,155156,26,,,,1
1044037,07:45:00,07:45:00,155091,1,,,,1
1044037,07:50:00,07:50:00,155085,2,,,,1
1044037,07:53:00,07:53:00,155099,3,,,,0
1044037,07:54:00,07:54:00,155101,4,,,,0
1044037,07:56:00,07:56:00,155105,5,,,,0
1044037,07:57:00,07:57:00,155112,6,,,,1
1044037,07:59:00,07:59:00,155115,7,,,,0
1044037,08:00:00,08:00:00,155119,8,,,,0
1044037,08:01:00,08:01:00,155121,9,,,,0
1044037,08:03:00,08:03:00,155137,10,,,,0
1044037,08:09:00,08:09:00,155150,11,,,,1
1044037,08:11:00,08:11:00,155159,12,,,,0
1044037,08:16:00,08:16:00,155161,13,,,,1
1044037,08:17:00,08:17:00,177230,14,,,,0
1044037,08:21:00,08:21:00,155149,15,,,,0
1044037,08:26:00,08:26:00,155156,16,,,,1
1044051,08:26:00,08:26:00,155156,1,,,,1
1044051,08:27:00,08:27:00,155158,2,,,,0
1044051,08:30:00,08:30:00,198522,3,,,,1
1044051,08:32:00,08:32:00,155120,4,,,,0
1044051,08:33:00,08:33:00,198523,5,,,,0
1044051,08:34:00,08:34:00,155117,6,,,,0
1044051,08:35:00,08:35:00,198803,7,,,,1
1044051,08:36:00,08:36:00,155104,8,,,,0
1044051,08:37:00,08:37:00,155100,9,,,,0
1044051,08:39:00,08:39:00,155089,10,,,,1
1044051,08:41:00,08:45:00,155091,11,,,,1
1044051,08:50:00,08:50:00,155085,12,,,,1
1044051,08:53:00,08:53:00,155099,13,,,,0
1044051,08:54:00,08:54:00,155101,14,,,,0
1044051,08:56:00,08:56:00,155105,15,,,,0
1044051,08:57:00,08:57:00,155112,16,,,,1
1044051,08:59:00,08:59:00,155115,17,,,,0
1044051,09:00:00,09:00:00,155119,18,,,,0
1044051,09:01:00,09:01:00,155121,19,,,,0
1044051,09:03:00,09:03:00,155137,20,,,,0
1044051,09:09:00,09:09:00,155150,21,,,,1
1044051,09:11:00,09:11:00,155159,22,,,,0
1044051,09:16:00,09:16:00,155161,23,,,,1
1044051,09:17:00,09:17:00,177230,24,,,,0
1044051,09:21:00,09:21:00,155149,25,,,,0
1044051,09:26:00,09:26:00,155156,26,,,,1
1044052,09:26:00,09:26:00,155156,1,,,,1
1044052,09:27:00,09:27:00,155158,2,,,,0
1044052,09:30:00,09:30:00,198522,3,,,,1
1044052,09:32:00,09:32:00,155120,4,,,,0
1044052,09:33:00,09:33:00,198523,5,,,,0
1044052,09:34:00,09:34:00,155117,6,,,,0
1044052,09:35:00,09:35:00,198803,7,,,,1
1044052,09:36:00,09:36:00,155104,8,,,,0
1044052,09:37:00,09:37:00,155100,9,,,,0
1044052,09:39:00,09:39:00,155089,10,,,,1
1044052,09:41:00,09:45:00,155091,11,,,,1
1044052,09:50:00,09:50:00,155085,12,,,,1
1044052,09:53:00,09:53:00,155099,13,,,,0
1044052,09:54:00,09:54:00,155101,14,,,,0
1044052,09:56:00,09:56:00,155105,15,,,,0
1044052,09:57:00,09:57:00,155112,16,,,,1
1044052,09:59:00,09:59:00,155115,17,,,,0
1044052,10:00:00,10:00:00,155119,18,,,,0
1044052,10:01:00,10:01:00,155121,19,,,,0
1044052,10:03:00,10:03:00,155137,20,,,,0
1044052,10:09:00,10:09:00,155150,21,,,,1
1044052,10:11:00,10:11:00,155159,22,,,,0
1044052,10:16:00,10:16:00,155161,23,,,,1
1044052,10:17:00,10:17:00,177230,24,,,,0
1044052,10:21:00,10:21:00,155149,25,,,,0
1044052,10:26:00,10:26:00,155156,26,,,,1
1044053,10:26:00,10:26:00,155156,1,,,,1
1044053,10:27:00,10:27:00,155158,2,,,,0
1044053,10:30:00,10:30:00,198522,3,,,,1
1044053,10:32:00,10:32:00,155120,4,,,,0
1044053,10:33:00,10:33:00,198523,5,,,,0
1044053,10:34:00,10:34:00,155117,6,,,,0
1044053,10:35:00,10:35:00,198803,7,,,,1
1044053,10:36:00,10:36:00,155104,8,,,,0
1044053,10:37:00,10:37:00,155100,9,,,,0
1044053,10:39:00,10:39:00,155089,10,,,,1
1044053,10:41:00,10:45:00,155091,11,,,,1
1044053,10:50:00,10:50:00,155085,12,,,,1
1044053,10:53:00,10:53:00,155099,13,,,,0
1044053,10:54:00,10:54:00,155101,14,,,,0
1044053,10:56:00,10:56:00,155105,15,,,,0
1044053,10:57:00,10:57:00,155112,16,,,,1
1044053,10:59:00,10:59:00,155115,17,,,,0
1044053,11:00:00,11:00:00,155119,18,,,,0
1044053,11:01:00,11:01:00,155121,19,,,,0
1044053,11:03:00,11:03:00,155137,20,,,,0
1044053,11:09:00,11:09:00,155150,21,,,,1
1044053,11:11:00,11:11:00,155159,22,,,,0
1044053,11:16:00,11:16:00,155161,23,,,,1
1044053,11:17:00,11:17:00,177230,24,,,,0
1044053,11:21:00,11:21:00,155149,25,,,,0
1044053,11:26:00,11:26:00,155156,26,,,,1
1044054,11:26:00,11:26:00,155156,1,,,,1
1044054,11:27:00,11:27:00,155158,2,,,,0
1044054,11:30:00,11:30:00,198522,3,,,,1
1044054,11:32:00,11:32:00,155120,4,,,,0
1044054,11:33:00,11:33:00,198523,5,,,,0
1044054,11:34:00,11:34:00,155117,6,,,,0
1044054,11:35:00,11:35:00,198803,7,,,,1
1044054,11:36:00,11:36:00,155104,8,,,,0
1044054,11:37:00,11:37:00,155100,9,,,,0
1044054,11:39:00,11:39:00,155089,10,,,,1
1044054,11:41:00,11:45:00,155091,11,,,,1
1044054,11:50:00,11:50:00,155085,12,,,,1
1044054,11:53:00,11:53:00,155099,13,,,,0
1044054,11:54:00,11:54:00,155101,14,,,,0
1044054,11:56:00,11:56:00,155105,15,,,,0
1044054,11:57:00,11:57:00,155112,16,,,,1
1044054,11:59:00,11:59:00,155115,17,,,,0
1044054,12:00:00,12:00:00,155119,18,,,,0
1044054,12:01:00,12:01:00,155121,19,,,,0
1044054,12:03:00,12:03:00,155137,20,,,,0
1044054,12:09:00,12:09:00,155150,21,,,,1
1044054,12:11:00,12:11:00,155159,22,,,,0
1044054,12:16:00,12:16:00,155161,23,,,,1
1044054,12:17:00,12:17:00,177230,24,,,,0
1044054,12:21:00,12:21:00,155149,25,,,,0
1044054,12:26:00,12:26:00,155156,26,,,,1
1044055,12:26:00,12:26:00,155156,1,,,,1
1044055,12:27:00,12:27:00,155158,2,,,,0
1044055,12:30:00,12:30:00,198522,3,,,,1
1044055,12:32:00,12:32:00,155120,4,,,,0
1044055,12:33:00,12:33:00,198523,5,,,,0
1044055,12:34:00,12:34:00,155117,6,,,,0
1044055,12:35:00,12:35:00,198803,7,,,,1
1044055,12:36:00,12:36:00,155104,8,,,,0
1044055,12:37:00,12:37:00,155100,9,,,,0
1044055,12:39:00,12:39:00,155089,10,,,,1
1044055,12:41:00,12:45:00,155091,11,,,,1
1044055,12:50:00,12:50:00,155085,12,,,,1
1044055,12:53:00,12:53:00,155099,13,,,,0
1044055,12:54:00,12:54:00,155101,14,,,,0
1044055,12:56:00,12:56:00,155105,15,,,,0
1044055,12:57:00,12:57:00,155112,16,,,,1
1044055,12:59:00,12:59:00,155115,17,,,,0
1044055,13:00:00,13:00:00,155119,18,,,,0
1044055,13:01:00,13:01:00,155121,19,,,,0
1044055,13:03:00,13:03:00,155137,20,,,,0
1044055,13:09:00,13:09:00,155150,21,,,,1
1044055,13:11:00,13:11:00,155159,22,,,,0
1044055,13:16:00,13:16:00,155161,23,,,,1
1044055,13:17:00,13:17:00,177230,24,,,,0
1044055,13:21:00,13:21:00,155149,25,,,,0
1044055,13:26:00,13:26:00,155156,26,,,,1
1044056,13:26:00,13:26:00,155156,1,,,,1
1044056,13:27:00,13:27:00,155158,2,,,,0
1044056,13:30:00,13:30:00,198522,3,,,,1
1044056,13:32:00,13:32:00,155120,4,,,,0
1044056,13:33:00,13:33:00,198523,5,,,,0
1044056,13:34:00,13:34:00,155117,6,,,,0
1044056,13:35:00,13:35:00,198803,7,,,,1
1044056,13:36:00,13:36:00,155104,8,,,,0
1044056,13:37:00,13:37:00,155100,9,,,,0
1044056,13:39:00,13:39:00,155089,10,,,,1
1044056,13:41:00,13:45:00,155091,11,,,,1
1044056,13:50:00,13:50:00,155085,12,,,,1
1044056,13:53:00,13:53:00,155099,13,,,,0
1044056,13:54:00,13:54:00,155101,14,,,,0
1044056,13:56:00,13:56:00,155105,15,,,,0
1044056,13:57:00,13:57:00,155112,16,,,,1
1044056,13:59:00,13:59:00,155115,17,,,,0
1044056,14:00:00,14:00:00,155119,18,,,,0
1044056,14:01:00,14:01:00,155121,19,,,,0
1044056,14:03:00,14:03:00,155137,20,,,,0
1044056,14:09:00,14:09:00,155150,21,,,,1
1044056,14:11:00,14:11:00,155159,22,,,,0
1044056,14:16:00,14:16:00,155161,23,,,,1
1044056,14:17:00,14:17:00,177230,24,,,,0
1044056,14:21:00,14:21:00,155149,25,,,,0
1044056,14:26:00,14:26:00,155156,26,,,,1
1044057,14:26:00,14:26:00,155156,1,,,,1
1044057,14:27:00,14:27:00,155158,2,,,,0
1044057,14:30:00,14:30:00,198522,3,,,,1
1044057,14:32:00,14:32:00,155120,4,,,,0
1044057,14:33:00,14:33:00,198523,5,,,,0
1044057,14:34:00,14:34:00,155117,6,,,,0
1044057,14:35:00,14:35:00,198803,7,,,,1
1044057,14:36:00,14:36:00,155104,8,,,,0
1044057,14:37:00,14:37:00,155100,9,,,,0
1044057,14:39:00,14:39:00,155089,10,,,,1
1044057,14:41:00,14:45:00,155091,11,,,,1
1044057,14:50:00,14:50:00,155085,12,,,,1
1044057,14:53:00,14:53:00,155099,13,,,,0
1044057,14:54:00,14:54:00,155101,14,,,,0
1044057,14:56:00,14:56:00,155105,15,,,,0
1044057,14:57:00,14:57:00,155112,16,,,,1
1044057,14:59:00,14:59:00,155115,17,,,,0
1044057,15:00:00,15:00:00,155119,18,,,,0
1044057,15:01:00,15:01:00,155121,19,,,,0
1044057,15:03:00,15:03:00,155137,20,,,,0
1044057,15:09:00,15:09:00,155150,21,,,,1
1044057,15:11:00,15:11:00,155159,22,,,,0
1044057,15:16:00,15:16:00,155161,23,,,,1
1044057,15:17:00,15:17:00,177230,24,,,,0
1044057,15:21:00,15:21:00,155149,25,,,,0
1044057,15:26:00,15:26:00,155156,26,,,,1
1044058,15:26:00,15:26:00,155156,1,,,,1
1044058,15:27:00,15:27:00,155158,2,,,,0
1044058,15:30:00,15:30:00,198522,3,,,,1
1044058,15:32:00,15:32:00,155120,4,,,,0
1044058,15:33:00,15:33:00,198523,5,,,,0
1044058,15:34:00,15:34:00,155117,6,,,,0
1044058,15:35:00,15:35:00,198803,7,,,,1
1044058,15:36:00,15:36:00,155104,8,,,,0
1044058,15:37:00,15:37:00,155100,9,,,,0
1044058,15:39:00,15:39:00,155089,10,,,,1
1044058,15:41:00,15:45:00,155091,11,,,,1
1044058,15:50:00,15:50:00,155085,12,,,,1
1044058,15:53:00,15:53:00,155099,13,,,,0
1044058,15:54:00,15:54:00,155101,14,,,,0
1044058,15:56:00,15:56:00,155105,15,,,,0
1044058,15:57:00,15:57:00,155112,16,,,,1
1044058,15:59:00,15:59:00,155115,17,,,,0
1044058,16:00:00,16:00:00,155119,18,,,,0
1044058,16:01:00,16:01:00,155121,19,,,,0
1044058,16:03:00,16:03:00,155137,20,,,,0
1044058,16:09:00,16:09:00,155150,21,,,,1
1044058,16:11:00,16:11:00,155159,22,,,,0
1044058,16:16:00,16:16:00,155161,23,,,,1
1044058,16:17:00,16:17:00,177230,24,,,,0
1044058,16:21:00,16:21:00,155149,25,,,,0
1044058,16:26:00,16:26:00,155156,26,,,,1
1044059,16:26:00,16:26:00,155156,1,,,,1
1044059,16:27:00,16:27:00,155158,2,,,,0
1044059,16:30:00,16:30:00,198522,3,,,,1
1044059,16:32:00,16:32:00,155120,4,,,,0
1044059,16:33:00,16:33:00,198523,5,,,,0
1044059,16:34:00,16:34:00,155117,6,,,,0
1044059,16:35:00,16:35:00,198803,7,,,,1
1044059,16:36:00,16:36:00,155104,8,,,,0
1044059,16:37:00,16:37:00,155100,9,,,,0
1044059,16:39:00,16:39:00,155089,10,,,,1
1044059,16:41:00,16:45:00,155091,11,,,,1
1044059,16:50:00,16:50:00,155085,12,,,,1
1044059,16:53:00,16:53:00,155099,13,,,,0
1044059,16:54:00,16:54:00,155101,14,,,,0
1044059,16:56:00,16:56:00,155105,15,,,,0
1044059,16:57:00,16:57:00,155112,16,,,,1
1044059,16:59:00,16:59:00,155115,17,,,,0
1044059,17:00:00,17:00:00,155119,18,,,,0
1044059,17:01:00,17:01:00,155121,19,,,,0
1044059,17:03:00,17:03:00,155137,20,,,,0
1044059,17:09:00,17:09:00,155150,21,,,,1
1044059,17:11:00,17:11:00,155159,22,,,,0
1044059,17:16:00,17:16:00,155161,23,,,,1
1044059,17:17:00,17:17:00,177230,24,,,,0
1044059,17:21:00,17:21:00,155149,25,,,,0
1044059,17:26:00,17:26:00,155156,26,,,,1
1044060,17:26:00,17:26:00,155156,1,,,,1
1044060,17:27:00,17:27:00,155158,2,,,,0
1044060,17:30:00,17:30:00,198522,3,,,,1
1044060,17:32:00,17:32:00,155120,4,,,,0
1044060,17:33:00,17:33:00,198523,5,,,,0
1044060,17:34:00,17:34:00,155117,6,,,,0
1044060,17:35:00,17:35:00,198803,7,,,,1
1044060,17:36:00,17:36:00,155104,8,,,,0
1044060,17:37:00,17:37:00,155100,9,,,,0
1044060,17:39:00,17:39:00,155089,10,,,,1
1044060,17:41:00,17:45:00,155091,11,,,,1
1044060,17:50:00,17:50:00,155085,12,,,,1
1044060,17:53:00,17:53:00,155099,13,,,,0
1044060,17:54:00,17:54:00,155101,14,,,,0
1044060,17:56:00,17:56:00,155105,15,,,,0
1044060,17:57:00,17:57:00,155112,16,,,,1
1044060,17:59:00,17:59:00,155115,17,,,,0
1044060,18:00:00,18:00:00,155119,18,,,,0
1044060,18:01:00,18:01:00,155121,19,,,,0
1044060,18:03:00,18:03:00,155137,20,,,,0
1044060,18:09:00,18:09:00,155150,21,,,,1
1044060,18:11:00,18:11:00,155159,22,,,,0
1044060,18:16:00,18:16:00,155161,23,,,,1
1044060,18:17:00,18:17:00,177230,24,,,,0
1044060,18:21:00,18:21:00,155149,25,,,,0
1044060,18:26:00,18:26:00,155156,26,,,,1
1044061,18:26:00,18:26:00,155156,1,,,,1
1044061,18:27:00,18:27:00,155158,2,,,,0
1044061,18:30:00,18:30:00,198522,3,,,,1
1044061,18:32:00,18:32:00,155120,4,,,,0
1044061,18:33:00,18:33:00,198523,5,,,,0
1044061,18:34:00,18:34:00,155117,6,,,,0
1044061,18:35:00,18:35:00,198803,7,,,,1
1044061,18:36:00,18:36:00,155104,8,,,,0
1044061,18:37:00,18:37:00,155100,9,,,,0
1044061,18:39:00,18:39:00,155089,10,,,,1
1044061,18:41:00,18:41:00,155091,11,,,,1
1044069,00:00:00,00:00:00,155156,1,,,,1
1044069,,,155158,2,,,,0
1044069,,,198522,3,,,,0
1044069,,,155120,4,,,,0
1044069,,,198523,5,,,,0
1044069,,,155117,6,,,,0
1044069,,,198803,7,,,,0
1044069,,,155104,8,,,,0
1044069,,,155100,9,,,,0
1044069,,,155089,10,,,,0
1044069,,,155091,11,,,,0
1044069,,,155085,12,,,,0
1044069,,,155099,13,,,,0
1044069,,,155101,14,,,,0
1044069,,,155105,15,,,,0
1044069,,,155112,16,,,,0
1044069,,,155115,17,,,,0
1044069,,,155119,18,,,,0
1044069,,,155121,19,,,,0
1044069,,,155137,20,,,,0
1044069,,,155150,21,,,,0
1044069,,,155159,22,,,,0
1044069,,,155161,23,,,,0
1044069,,,177230,24,,,,0
1044069,,,155149,25,,,,0
1044069,01:00:00,01:00:00,155156,26,,,,1
924643,00:00:00,00:00:00,155165,1,,,,1
924643,,,155148,2,,,,0
924643,,,155166,3,,,,0
924643,,,155154,4,,,,0
924643,,,177133,5,,,,0
924643,,,177134,6,,,,0
924643,,,177220,7,,,,0
924643,,,177135,8,,,,0
924643,,,155147,9,,,,0
924643,,,155143,10,,,,0
924643,,,155144,11,,,,0
924643,,,155094,12,,,,0
924643,,,155088,13,,,,0
924643,,,155116,14,,,,0
924643,,,155119,15,,,,0
924643,,,155121,16,,,,0
924643,,,155137,17,,,,0
924643,,,177136,18,,,,0
924643,00:48:00,00:48:00,155165,19,,,,1
753330,00:00:00,00:00:00,155161,1,,,,1
753330,,,177230,2,,,,0
753330,,,155149,3,,,,0
753330,,,155156,4,,,,0
753330,,,155158,5,,,,0
753330,,,155094,6,,,,0
753330,,,155088,7,,,,0
753330,,,155116,8,,,,0
753330,,,155119,9,,,,0
753330,,,155121,10,,,,0
753330,,,155137,11,,,,0
753330,,,155134,12,,,,0
753330,,,155160,13,,,,0
753330,,,155150,14,,,,0
753330,,,155159,15,,,,0
753330,00:30:00,00:30:00,155161,16,,,,1
936660,00:00:00,00:00:00,175017,1,,,,1
936660,,,177708,2,,,,0
936660,,,175103,3,,,,0
936660,,,155090,4,,,,0
936660,,,155137,5,,,,0
936660,,,155094,6,,,,0
936660,,,155088,7,,,,0
936660,,,155116,8,,,,0
936660,,,155117,9,,,,0
936660,,,198803,10,,,,0
936660,,,155107,11,,,,0
936660,,,155103,12,,,,0
936660,,,155164,13,,,,0
936660,,,155102,14,,,,0
936660,,,177709,15,,,,0
936660,,,155106,16,,,,0
936660,,,155104,17,,,,0
936660,,,155100,18,,,,0
936660,,,155097,19,,,,0
936660,,,155145,20,,,,0
936660,00:45:00,00:45:00,155146,21,,,,1
936666,00:00:00,00:00:00,175017,1,,,,1
936666,,,177708,2,,,,0
936666,,,175103,3,,,,0
936666,,,155090,4,,,,0
936666,,,155137,5,,,,0
936666,,,155094,6,,,,0
936666,,,155088,7,,,,0
936666,,,155116,8,,,,0
936666,,,155117,9,,,,0
936666,,,198803,10,,,,0
936666,,,155107,11,,,,0
936666,,,155103,12,,,,0
936666,,,155164,13,,,,0
936666,,,155102,14,,,,0
936666,,,177709,15,,,,0
936666,,,155106,16,,,,0
936666,,,155104,17,,,,0
936666,,,155100,18,,,,0
936666,,,155097,19,,,,0
936666,,,155145,20,,,,0
936666,00:45:00,00:45:00,155146,21,,,,1
936665,00:00:00,00:00:00,155146,1,,,,1
936665,,,155086,2,,,,0
936665,,,155085,3,,,,0
936665,,,155099,4,,,,0
936665,,,155101,5,,,,0
936665,,,155105,6,,,,0
936665,,,155107,7,,,,0
936665,,,155103,8,,,,0
936665,,,155164,9,,,,0
936665,,,155102,10,,,,0
936665,,,177709,11,,,,0
936665,,,155106,12,,,,0
936665,,,155112,13,,,,0
936665,,,155115,14,,,,0
936665,,,155118,15,,,,0
936665,,,155132,16,,,,0
936665,,,155133,17,,,,0
936665,,,155136,18,,,,0
936665,00:45:00,00:45:00,175017,19,,,,1
936668,00:00:00,00:00:00,155146,1,,,,1
936668,,,155086,2,,,,0
936668,,,155085,3,,,,0
936668,,,155099,4,,,,0
936668,,,155101,5,,,,0
936668,,,155105,6,,,,0
936668,,,155107,7,,,,0
936668,,,155103,8,,,,0
936668,,,155164,9,,,,0
936668,,,155102,10,,,,0
936668,,,177709,11,,,,0
936668,,,155106,12,,,,0
936668,,,155112,13,,,,0
936668,,,155115,14,,,,0
936668,,,155118,15,,,,0
936668,,,155132,16,,,,0
936668,,,155133,17,,,,0
936668,,,155136,18,,,,0
936668,00:45:00,00:45:00,175017,19,,,,1
923346,00:00:00,00:00:00,155103,1,,,,1
923346,,,198535,2,,,,0
923346,,,171407,3,,,,0
923346,,,155086,4,,,,0
923346,,,155085,5,,,,0
923346,,,155099,6,,,,0
923346,,,155101,7,,,,0
923346,,,155105,8,,,,0
923346,,,155107,9,,,,0
923346,00:32:00,00:32:00,155103,10,,,,1